10000010000100000010000000000100
10000100000100000010000000001000
10000110000100000011111111110111
10001000000100000010000000001010
10001010001000000000000000000001
10001100100000000100000000000010
10001110100000001100000000000010
10010000100000010000000000000010
10000001111010000000000000000000
10010010100000010100000000011000
10000001111000000000000000000000
10100000101001100110000000001010
00000000000000000000000000000000
00000000000000000000000000000000
00000000000000000000000000000000
00000000000000000000000000000000
00000000000000000000000000000000
00000000000000000000000000000000
00000000000000000000000000000000
00000000000000000000000000000000
00000000000000000000000000000000
00000000000000000000000000000000
00000000000000000000000000000000
00000000000000000000000000000000
00000000000000000000000000000000
00000000000000000000000000000000
00000000000000000000000000000000
00000000000000000000000000000000
00000000000000000000000000000000
00000000000000000000000000000000
00000000000000000000000000000000
00000000000000000000000000000000